2 3 10
3 4 10
2 5 10
4 5 10
1 6 10
5 6 10
6 7 10
1 8 10
7 8 10
8 9 10
1 10 10
9 10 10
2 11 10
10 11 10
3 12 10
11 12 10
12 13 10
3 14 10
13 14 10
4 15 10
14 15 10
15 16 10
4 17 10
16 17 10
5 18 10
17 18 10
6 19 10
18 19 10
19 20 10
7 20 10
20 21 10
7 22 10
21 22 10
8 23 10
22 23 10
9 24 10
23 24 10
24 25 10
9 26 10
25 26 10
10 27 10
26 27 10
11 28 10
27 28 10
12 29 10
28 29 10
13 30 10
29 30 10
30 31 10
13 32 10
31 32 10
14 33 10
32 33 10
15 34 10
33 34 10
16 35 10
34 35 10
35 36 10
16 37 10
36 37 10
17 38 10
37 38 10
18 39 10
38 39 10
19 40 10
39 40 10
20 41 10
40 41 10
21 42 10
41 42 10
42 43 10
21 44 10
43 44 10
22 45 10
44 45 10
23 46 10
45 46 10
24 47 10
46 47 10
25 48 10
47 48 10
48 49 10
25 50 10
49 50 10
26 51 10
50 51 10
27 52 10
51 52 10
28 53 10
52 53 10
29 54 10
53 54 10
30 55 10
54 55 10
31 56 10
55 56 10
1 2 100